0.0147	0.0141	0.0134	0.0131	0.0127	0.0127	0.0125	0.0126	0.0124	0.0125	0.0122
0.0459	0.0431	0.0399	0.0371	0.0349	0.0343	0.0339	0.0341	0.0337	0.0343	0.0342
0.0865	0.0837	0.0801	0.0772	0.0750	0.0742	0.0739	0.0738	0.0739	0.0738	0.0741
0.0983	0.1060	0.1133	0.1203	0.1252	0.1268	0.1274	0.1280	0.1279	0.1282	0.1278
0.0671	0.0950	0.1224	0.1485	0.1676	0.1744	0.1765	0.1769	0.1778	0.1776	0.1776
0.0278	0.0704	0.1126	0.1523	0.1826	0.1928	0.1958	0.1967	0.1974	0.1982	0.1985
0.0070	0.0496	0.0918	0.1319	0.1616	0.1720	0.1752	0.1761	0.1767	0.1771	0.1767
0.0013	0.0327	0.0635	0.0933	0.1155	0.1235	0.1254	0.1265	0.1265	0.1268	0.1272
0.0001	0.0183	0.0360	0.0531	0.0663	0.0709	0.0724	0.0724	0.0727	0.0730	0.0733
0.0001	0.0085	0.0164	0.0250	0.0305	0.0324	0.0332	0.0333	0.0334	0.0336	0.0337
0.0002	0.0029	0.0060	0.0090	0.0114	0.0121	0.0122	0.0127	0.0121	0.0124	0.0122
